DMm1000AVd_rsq.txt 0.2351 0.2568 0.1723 0.3971
DMm1000AVu_rsq.txt 0.1771 0.2002 0.1347 0.3057
DMm1000Vd_rsq.txt 0.2675 0.2627 0.1757 0.4037
DMm1000Vu_rsq.txt 0.2064 0.2100 0.1418 0.3246
DMm100AVd_rsq.txt 0.3510 0.4355 0.2942 0.6652
DMm100AVu_rsq.txt 0.3142 0.3555 0.2401 0.5463
DMm100Vd_rsq.txt 0.4261 0.5176 0.3506 0.7954
DMm100Vu_rsq.txt 0.3154 0.3906 0.2629 0.6003
DMm10AVd_rsq.txt 0.4388 0.5332 0.3601 0.8194
DMm10AVu_rsq.txt 0.4244 0.4121 0.2778 0.6333
DMm10Vd_rsq.txt 0.4833 0.5332 0.3601 0.8194
DMm10Vu_rsq.txt 0.3728 0.4238 0.2880 0.6553
DMm1AVd_rsq.txt 0.4468 0.5293 0.3575 0.8134
DMm1AVu_rsq.txt 0.3912 0.4590 0.3109 0.7075
DMm1Vd_rsq.txt 0.3742 0.5527 0.3720 0.8494
DMm1Vu_rsq.txt 0.4084 0.4395 0.2948 0.6753
DMm400AVd_rsq.txt 0.2441 0.3096 0.2097 0.4728
DMm400AVu_rsq.txt 0.2326 0.2393 0.1626 0.3677
DMm400Vd_rsq.txt 0.3393 0.3408 0.2309 0.5237
DMm400Vu_rsq.txt 0.2185 0.2666 0.1801 0.4097
DMm700AVd_rsq.txt 0.2368 0.2529 0.1708 0.3887
DMm700AVu_rsq.txt 0.1888 0.1982 0.1347 0.3046
DMm700Vd_rsq.txt 0.2696 0.2607 0.1761 0.4007
DMm700Vu_rsq.txt 0.1986 0.2119 0.1429 0.3257
